320
100
400
150
1
1
320
150
400
200
2
0
400
150
480
200
1
1
320
200
400
250
1
0
400
200
480
250
2
0
480
200
560
250
1
1
320
250
400
300
2
0
400
250
480
300
1
0
480
250
560
300
2
0
560
250
640
300
1
1
320
300
400
350
1
0
400
300
480
350
2
0
480
300
560
350
1
0
560
300
640
350
2
0
640
300
720
350
1
1
320
350
400
400
2
0
400
350
480
400
1
0
480
350
560
400
2
0
560
350
640
400
1
1
320
400
400
450
1
0
400
400
480
450
2
0
480
400
560
450
1
1
320
450
400
500
2
0
400
450
480
500
1
1
320
500
400
550
1
1
240
150
320
200
1
1
240
200
320
250
2
0
160
200
240
250
1
1
240
250
320
300
1
0
160
250
240
300
2
0
80
250
160
300
1
1
240
300
320
350
2
0
160
300
240
350
1
0
80
300
160
350
2
0
0
300
80
350
1
1
240
350
320
400
1
0
160
350
240
400
2
0
80
350
160
400
1
1
240
400
320
450
2
0
160
400
240
450
1
1
240
450
320
500
1
1
0
650
80
700
1
1
80
650
160
700
1
0
160
650
240
700
1
1
240
650
320
700
1
0
320
650
400
700
1
1
400
650
480
700
1
0
480
650
560
700
1
1
560
650
640
700
1
0
640
650
720
700
1
1
0
700
80
750
1
0
80
700
160
750
1
1
160
700
240
750
1
0
240
700
320
750
1
1
320
700
400
750
1
0
400
700
480
750
1
1
480
700
560
750
1
0
560
700
640
750
1
1
640
700
720
750
1
0
