90
200
180
250
1
0
180
200
270
250
2
0
270
200
360
250
1
0
360
200
450
250
2
0
450
200
540
250
1
0
540
200
630
250
2
0
90
250
180
300
2
0
180
250
270
300
1
0
270
250
360
300
2
0
360
250
450
300
1
0
450
250
540
300
2
0
540
250
630
300
1
0
90
300
180
350
1
0
180
300
270
350
2
0
270
300
360
350
1
0
360
300
450
350
2
0
450
300
540
350
1
0
540
300
630
350
2
0
90
350
180
400
2
0
180
350
270
400
1
0
270
350
360
400
2
0
360
350
450
400
1
0
450
350
540
400
2
0
540
350
630
400
1
0
