180
200
270
250
1
1
270
200
360
250
2
0
360
200
450
250
1
0
450
200
540
250
2
0
540
200
630
250
1
0
630
200
720
250
2
0
270
250
360
300
1
1
360
250
450
300
2
0
450
250
540
300
1
0
540
250
630
300
2
0
630
250
720
300
1
0
360
300
450
350
1
1
450
300
540
350
2
0
540
300
630
350
1
0
630
300
720
350
2
0
450
350
540
400
1
1
540
350
630
400
2
0
630
350
720
400
1
0
540
400
630
450
1
1
630
400
720
450
2
0
630
450
720
500
1
1
0
300
90
350
1
1
0
350
90
400
2
0
90
350
180
400
1
1
0
400
90
450
1
0
90
400
180
450
2
0
180
400
270
450
1
1
0
450
90
500
2
0
90
450
180
500
1
0
180
450
270
500
2
0
270
450
360
500
1
1
0
500
90
550
1
0
90
500
180
550
2
0
180
500
270
550
1
0
270
500
360
550
2
0
360
500
450
550
1
1
0
550
90
600
2
0
90
550
180
600
1
0
180
550
270
600
2
0
270
550
360
600
1
0
360
550
450
600
2
0
450
550
540
600
1
1
